20 20
9 9 9 9 9 9 9 9 9 9 9 9 9 9 9 9 9 9 9 9
9 9 9 9 9 9 9 9 9 9 9 9 9 9 9 9 9 9 9 9
9 9 9 9 9 9 9 9 9 9 9 9 9 9 9 9 9 9 9 9
9 9 9 9 9 9 9 9 9 9 9 9 9 9 9 9 9 9 9 9
9 9 9 9 9 9 9 9 9 9 9 9 9 9 9 9 9 9 9 9
9 9 9 9 9 9 9 9 9 9 9 9 9 9 9 9 9 9 9 9
9 9 9 9 9 9 9 9 9 9 9 9 9 9 9 9 9 9 9 9
9 9 9 9 9 9 9 9 9 9 9 9 9 9 9 9 9 9 9 9
9 9 9 9 9 9 9 9 9 9 9 9 9 9 9 9 9 9 9 9
9 9 9 9 9 9 9 9 9 9 9 9 9 9 9 9 9 9 9 1
9 9 9 9 9 8 9 9 9 9 9 9 9 9 9 9 9 9 1 9
9 9 9 9 9 9 9 9 9 9 9 9 9 9 9 1 9 1 9 9
9 9 9 9 9 9 9 9 9 9 9 9 9 9 1 9 9 9 9 9
9 9 9 1 9 1 9 9 9 9 9 9 9 1 9 9 9 9 9 9
9 9 1 9 9 9 1 9 9 9 9 9 1 9 9 9 9 9 9 9
9 1 9 9 9 9 9 1 9 9 9 1 9 9 9 9 9 9 9 9
1 9 9 9 9 9 9 9 1 9 100 9 9 9 9 9 9 9 9 9
9 9 9 9 9 9 9 9 9 9 9 9 9 9 9 9 9 9 9 9
9 9 9 9 9 9 9 9 9 9 9 9 9 9 9 9 9 9 9 9
9 9 9 9 9 9 9 9 9 9 9 9 9 9 9 9 9 9 9 9